100*(pi)*(100*pi)

ans =

          98696.0440108936

>> (1+2^4)/(1/(2+sqrt(3))-3)
??? >> (1+2^4)/(1/(2+sqrt(3))-3)
    |
{Error: Unexpected MATLAB operator.
} 
(1+2^4)/(1/(2+sqrt(3))-3)

ans =

         -6.22243186433546

(1+(1/2345))^2345

ans =

          2.71770246392224

exp(1)

ans =

          2.71828182845905

(1+10/2345)^23456

ans =

     2.22945592174723e+043

exp(10)

ans =

          22026.4657948067

(sqrt(2)-2^(1/4))/(2^(1/5)-2^(1/6))

ans =

          8.57614793305439

2^(3^(1/3))^(pi)

ans =

          23.1182558755015

(23/25-23/29)/(1.4-(3/(17-(27/28))))

ans =

         0.104620917598491

format rat
(23/25-23/29)/(1.4-(3/(17-(27/28))))

ans =

     523/4999  

(pie)
{??? Error using ==> <a href="matlab: opentoline('C:\Program Files\MATLAB\R2010b\toolbox\matlab\specgraph\pie.m',30,0)">pie at 30</a>
Not enough input arguments.
} 
(pi)

ans =

     355/113   

exp(1)

ans =

    1457/536   

(0.5-((7.1-12/17)/(17-27/(2+3/7))))

ans =

    -587/1000  

(ln(5+(sin8)^2))^(1/6)+arctg(5*(pi))
{??? Undefined function or variable 'sin8'.
} 
(ln(5+(sin(8))^2))^(1/6)+arctg(5*(pi))
{??? Undefined function or method 'ln' for input arguments of type
'double'.
} 
(log(5+(sin(8))^2))^(1/6)+arctg(5*(pi))
{??? Undefined function or method 'arctg' for input arguments of
type 'double'.
} 
(log(5+(sin(8))^2))^(1/6)+acot(5*(pi))

ans =

    1981/1700  

format long g
r = 6.32

r =

                      6.32

(pi)*r^2

ans =

          125.482750406745

dir

.         ..        diary     file.txt  

ls

.         ..        diary     file.txt  

what

pole = (pi)*r^2

pole =

          125.482750406745

pole = 4/3*(pi)*r^3

pole =

          1057.40131009417

objetosc = 4/3*(pi)*r^3

objetosc =

          1057.40131009417

pole = 4*(pi)*r^2

pole =

           501.93100162698

sin((pi)/2)

ans =

     1

uiopen('D:\Dasher\ProgUzytkowe\Matlab\katalog\file.txt',1)
uiimport('D:\Dasher\ProgUzytkowe\Matlab\katalog\file.txt')
cos(60)

ans =

        -0.952412980415156

cos(anlge(60))
{??? Undefined function or method 'anlge' for input arguments of
type 'double'.
} 
cos(angle(60))

ans =

     1

cos(abs(60))

ans =

        -0.952412980415156

angle(60)

ans =

     0

uiopen('D:\Dasher\ProgUzytkowe\Matlab\katalog\file.txt',1)
cos((60/180)*(pi))

ans =

                       0.5

sin((78/180)*(pi))

ans =

         0.978147600733806

tan((pi)/9)

ans =

         0.363970234266202

log(2.718)

ans =

         0.999896315728952

log10(10)

ans =

     1

tan(89*(pi)/180)

ans =

          57.2899616307599

asin(0.5)

ans =

         0.523598775598299

angle(asin(0.5))

ans =

     0

asin(0.5)

ans =

         0.523598775598299

atan(100000)

ans =

           1.5707863267949

atan(100000)*180/(pi)

ans =

          89.9994270422049

exp(exp)
{??? Error using ==> exp
Not enough input arguments.
} 
exp(exp())
{??? Error using ==> exp
Not enough input arguments.
} 
exp(exp(1))

ans =

          15.1542622414793

log(-4)

ans =

           1.38629436111989 +      3.14159265358979i

sqrt(-16)

ans =

                          0 +                     4i

acos(-10)

ans =

           3.14159265358979 -      2.99322284612638i

exp(2*pi*i)

ans =

                          1 - 2.44929359829471e-016i

sin(3+4i)

ans =

           3.85373803791938 -      27.0168132580039i

sinh(4)

ans =

          27.2899171971278

uiopen('D:\Dasher\ProgUzytkowe\Matlab\katalog\file.txt',1)
diary 'file.txt'
uiopen('D:\Dasher\ProgUzytkowe\Matlab\katalog\file.txt',1)
x = pi/6

x =

         0.523598775598299

sin(x)

ans =

                       0.5

cos(x)

ans =

         0.866025403784439

tan(x)

ans =

         0.577350269189626

asin(x)

ans =

         0.551069583099446

ctan(x)
{??? Undefined function or method 'ctan' for input arguments of type
'double'.
} 
1/tan(x)

ans =

          1.73205080756888

e(x)
{??? Undefined function or method 'e' for input arguments of type
'double'.
} 
exp(x)

ans =

          1.68809179496447

sind(60)

ans =

         0.866025403784439

sind(45)

ans =

         0.707106781186548

sind(30)

ans =

                       0.5

asind(0.5)

ans =

                        30

alfa = 5

alfa =

     5

sin(alfa)^2+cos(alfa)^2

ans =

                         1

tan(x)

ans =

         0.577350269189626

sin(x)/cos(x)

ans =

         0.577350269189626

cosh(x)^2-sinh(x)^2

ans =

                         1

delta = b^2 - 4*a*c
{??? Undefined function or variable 'b'.
} 
a = 1, b = -2, c=-1

a =

     1


b =

    -2


c =

    -1

delta = b^2-4*a*c

delta =

     8

x_1=-b-sqrt(delta)/(2*a)

x_1 =

         0.585786437626905

x_2=-b+sqrt(delta)/(2*a)

x_2 =

          3.41421356237309

a = -5, b =-6, c = 5

a =

    -5


b =

    -6


c =

     5

delta = b^2-4*a*c

delta =

   136

x_1=-b-sqrt(delta)/(2*a)

x_1 =

          7.16619037896906

x_2=-b+sqrt(delta)/(2*a)

x_2 =

          4.83380962103094

a = 1, b =-4, c = 5

a =

     1


b =

    -4


c =

     5

delta = b^2-4*a*c

delta =

    -4

x_1=-b-sqrt(delta)/(2*a)

x_1 =

                          4 -                     1i

x_2=-b+sqrt(delta)/(2*a)

x_2 =

                          4 +                     1i

a = 5, b =-1, c = -3

a =

     5


b =

    -1


c =

    -3

delta = b^2-4*a*c

delta =

    61

x_1=-b-sqrt(delta)/(2*a)

x_1 =

         0.218975032409335

x_2=-b+sqrt(delta)/(2*a)

x_2 =

          1.78102496759067

a = 123, b =211, c = -41

a =

   123


b =

   211


c =

   -41

delta = b^2-4*a*c

delta =

       64693

x_1=-b-sqrt(delta)/(2*a)

x_1 =

         -212.033935717673

x_2=-b+sqrt(delta)/(2*a)

x_2 =

         -209.966064282327

a = 7, b =8, c = 73

a =

     7


b =

     8


c =

    73

delta = b^2-4*a*c

delta =

       -1980

x_1=-b-sqrt(delta)/(2*a)

x_1 =

                         -8 -      3.17837078018386i

x_2=-b+sqrt(delta)/(2*a)

x_2 =

                         -8 +      3.17837078018386i

t=linspace(0,pi,10)

t =

  Columns 1 through 2

                         0         0.349065850398866

  Columns 3 through 4

         0.698131700797732           1.0471975511966

  Columns 5 through 6

          1.39626340159546          1.74532925199433

  Columns 7 through 8

           2.0943951023932          2.44346095279206

  Columns 9 through 10

          2.79252680319093          3.14159265358979

sin(t)

ans =

  Columns 1 through 2

                         0         0.342020143325669

  Columns 3 through 4

         0.642787609686539         0.866025403784439

  Columns 5 through 6

         0.984807753012208         0.984807753012208

  Columns 7 through 8

         0.866025403784439         0.642787609686539

  Columns 9 through 10

         0.342020143325669     1.22464679914735e-016

tab = linspace(1, 100, 100)

tab =

  Columns 1 through 11

     1     2     3     4     5     6     7     8     9    10    11

  Columns 12 through 22

    12    13    14    15    16    17    18    19    20    21    22

  Columns 23 through 33

    23    24    25    26    27    28    29    30    31    32    33

  Columns 34 through 44

    34    35    36    37    38    39    40    41    42    43    44

  Columns 45 through 55

    45    46    47    48    49    50    51    52    53    54    55

  Columns 56 through 66

    56    57    58    59    60    61    62    63    64    65    66

  Columns 67 through 77

    67    68    69    70    71    72    73    74    75    76    77

  Columns 78 through 88

    78    79    80    81    82    83    84    85    86    87    88

  Columns 89 through 99

    89    90    91    92    93    94    95    96    97    98    99

  Column 100

   100

tab = linspace(11, 1000, 89)

tab =

  Columns 1 through 2

                        11          22.2386363636364

  Columns 3 through 4

          33.4772727272727          44.7159090909091

  Columns 5 through 6

          55.9545454545455          67.1931818181818

  Columns 7 through 8

          78.4318181818182          89.6704545454545

